Initial Energy:  1.5679
LAYER  0
Energy:  -0.8882113101741315
Operators:  [0, 3, 4, 5]
  (0, 4)	1.0
  (4, 0)	-1.0
Gradient:  7.527717371155747
Parameters:  [-0.5781667251232099]
LAYER  1
Energy:  -3.048796342259444
Operators:  [0, 3, 1, 2]
Gradient:  4.908337766311626
Parameters:  [-0.59102533  0.78487271]
