Initial Energy:  4.8797
LAYER  0
Energy:  -0.8882113101736143
Operators:  [0, 3, 4, 5]
  (0, 4)	1.0
  (4, 0)	-1.0
Gradient:  7.527717371155747
Parameters:  [0.992629834894135]
LAYER  1
Energy:  -3.0487963430324116
Operators:  [0, 3, 1, 2]
Gradient:  4.908337504674771
Parameters:  [0.97977095 0.78487285]
